SD 26
GRD SUBSTRATE G 0 0 0 n 0 -1 0 0 0 0 0 0 0 -1 -10001 -1 0 0
GRD FOX_C D 0 0 1 n 0 -1 0 0 0.157 3.9 0 0 0 0 -10001 -1 0 0
GRD POD C 1 1 2 n 1 0.0478469 0 0.157 0.249 0 0.036 0.027 0 -1 -10001 -1 0 0
GRD FOX_B D 0 0 3 n 0 -1 0 0.157 0.185 3.9 0 0 0 0 -10001 -1 0 0
GRD NOD C 2 1 4 n 1 0.0534759 0 0.185 0.249 0 0.036 0.027 0 -1 -10001 -1 0 0
GRD FOX_A D 0 0 5 n 0 -1 0 0.185 0.25 3.9 0 0 0 0 -10001 -1 0 0
GRD p_fpoly C 3 2 6 n 3 0.0236095 0 0.25 0.293 0 0.027 0.072 0 -1 -10001 -1 0 0
GRD n_fpoly C 4 2 7 n 3 0.0286171 0 0.25 0.293 0 0.027 0.072 0 -1 -10001 -1 0 0
GRD GOX D 0 0 8 n 0 -1 0 0.25 0.2514 4.06 0 0 0 0 -10001 -1 0 0
GRD p_gpoly C 5 2 9 n 2 0.0236095 0 0.2514 0.2944 0 0.027 0.072 0 -1 -10001 -1 0 0
GRD n_gpoly C 6 2 10 n 2 0.0286171 0 0.2514 0.2944 0 0.027 0.072 0 -1 -10001 -1 0 0
GRD SPACER D 0 0 11 n 0 -1 0 0.2514 0.2514 6.2 0 0 0 0 -10001 -1 0 0
GRD LINER D 0 0 12 n 0 -1 0 0.2514 0.2654 5.8 0 0 0 0 -10001 -1 0 0
GRD ILD_C D 0 0 13 n 0 -1 0 0.25 0.307 4.06 0 0 0 0 -10001 -1 0 0
GRD ILD_B D 0 0 14 n 0 -1 0 0.307 0.375 4.06 0 0 0 0 -10001 -1 0 0
GRD M1 C 7 4 15 n 0 2.21675 0 0.375 0.465 0 0.045 0.045 0 -1 -10001 -1 0.055556 0
GRD ILD_A D 0 0 16 n 0 -1 0 0.375 0.4 4.06 0 0 0 0 -10001 -1 0 0
GRD IMD1a D 0 0 17 n 0 -1 0 0.4 0.418 4.3 0 0 0 0 -10001 -1 0 0
GRD IMD1b_SWD D 0 0 18 n 0 -1 0 0.418 0.418 3.1 0 0 0 0 -10001 -1 0 0
GRD IMD1b D 0 0 19 n 0 -1 0 0.418 0.465 2.63 0 0 0 0 -10001 -1 0 0
GRD IMD1c D 0 0 20 n 0 -1 0 0.465 0.49 5.5 0 0 0 0 -10001 -1 0 0
GRD IMD1d D 0 0 21 n 0 -1 0 0.49 0.513 4.3 0 0 0 0 -10001 -1 0 0
GRD IMD2a D 0 0 22 n 0 -1 0 0.513 0.55 2.63 0 0 0 0 -10001 -1 0 0
GRD M2 C 8 5 23 n 0 2.25564 0 0.55 0.64 0 0.045 0.045 0 -1 -10001 -1 0.055556 0
GRD IMD2a_BWD D 0 0 24 n 0 -1 0 0.55 0.55 3.1 0 0 0 0 -10001 -1 0 0
GRD IMD2b_SWD D 0 0 25 n 0 -1 0 0.55 0.55 3.1 0 0 0 0 -10001 -1 0 0
GRD IMD2b D 0 0 26 n 0 -1 0 0.55 0.64 2.63 0 0 0 0 -10001 -1 0 0
GRD IMD2c D 0 0 27 n 0 -1 0 0.64 0.665 5.5 0 0 0 0 -10001 -1 0 0
GRD IMD2d D 0 0 28 n 0 -1 0 0.665 0.688 4.3 0 0 0 0 -10001 -1 0 0
GRD IMD3a D 0 0 29 n 0 -1 0 0.688 0.725 2.63 0 0 0 0 -10001 -1 0 0
GRD M3 C 9 6 30 n 0 2.25564 0 0.725 0.815 0 0.045 0.045 0 -1 -10001 -1 0.055556 0
GRD IMD3a_BWD D 0 0 31 n 0 -1 0 0.725 0.725 3.1 0 0 0 0 -10001 -1 0 0
GRD IMD3b_SWD D 0 0 32 n 0 -1 0 0.725 0.725 3.1 0 0 0 0 -10001 -1 0 0
GRD IMD3b D 0 0 33 n 0 -1 0 0.725 0.815 2.63 0 0 0 0 -10001 -1 0 0
GRD IMD3c D 0 0 34 n 0 -1 0 0.815 0.84 5.5 0 0 0 0 -10001 -1 0 0
GRD IMD3d D 0 0 35 n 0 -1 0 0.84 0.863 4.3 0 0 0 0 -10001 -1 0 0
GRD IMD4a D 0 0 36 n 0 -1 0 0.863 0.9 2.63 0 0 0 0 -10001 -1 0 0
GRD M4 C 10 7 37 n 0 2.25564 0 0.9 0.99 0 0.045 0.045 0 -1 -10001 -1 0.055556 0
GRD IMD4a_BWD D 0 0 38 n 0 -1 0 0.9 0.9 3.1 0 0 0 0 -10001 -1 0 0
GRD IMD4b_SWD D 0 0 39 n 0 -1 0 0.9 0.9 3.1 0 0 0 0 -10001 -1 0 0
GRD IMD4b D 0 0 40 n 0 -1 0 0.9 0.99 2.63 0 0 0 0 -10001 -1 0 0
GRD IMD4c D 0 0 41 n 0 -1 0 0.99 1.015 5.5 0 0 0 0 -10001 -1 0 0
GRD IMD4d D 0 0 42 n 0 -1 0 1.015 1.038 4.3 0 0 0 0 -10001 -1 0 0
GRD IMD5a D 0 0 43 n 0 -1 0 1.038 1.075 2.63 0 0 0 0 -10001 -1 0 0
GRD M5 C 11 8 44 n 0 2.25564 0 1.075 1.165 0 0.045 0.045 0 -1 -10001 -1 0.055556 0
GRD IMD5a_BWD D 0 0 45 n 0 -1 0 1.075 1.075 3.1 0 0 0 0 -10001 -1 0 0
GRD IMD5b_SWD D 0 0 46 n 0 -1 0 1.075 1.075 3.1 0 0 0 0 -10001 -1 0 0
GRD IMD5b D 0 0 47 n 0 -1 0 1.075 1.165 2.63 0 0 0 0 -10001 -1 0 0
GRD IMD5c D 0 0 48 n 0 -1 0 1.165 1.19 5.5 0 0 0 0 -10001 -1 0 0
GRD IMD5d D 0 0 49 n 0 -1 0 1.19 1.213 4.3 0 0 0 0 -10001 -1 0 0
GRD IMD6a D 0 0 50 n 0 -1 0 1.213 1.25 2.63 0 0 0 0 -10001 -1 0 0
GRD M6 C 12 9 51 n 0 2.25564 0 1.25 1.34 0 0.045 0.045 0 -1 -10001 -1 0.055556 0
GRD IMD6a_BWD D 0 0 52 n 0 -1 0 1.25 1.25 3.1 0 0 0 0 -10001 -1 0 0
GRD IMD6b_SWD D 0 0 53 n 0 -1 0 1.25 1.25 3.1 0 0 0 0 -10001 -1 0 0
GRD IMD6b D 0 0 54 n 0 -1 0 1.25 1.34 2.63 0 0 0 0 -10001 -1 0 0
GRD IMD6c D 0 0 55 n 0 -1 0 1.34 1.39 5 0 0 0 0 -10001 -1 0 0
GRD IMD6d D 0 0 56 n 0 -1 0 1.39 1.42 4.2 0 0 0 0 -10001 -1 0 0
GRD IMD7a D 0 0 57 n 0 -1 0 1.42 1.515 2.9 0 0 0 0 -10001 -1 0 0
GRD M7 C 13 10 58 n 0 5.95611 0 1.515 1.705 0 0.09 0.09 0 -1 -10001 -1 0.092105 0
GRD IMD7b D 0 0 59 n 0 -1 0 1.515 1.705 2.9 0 0 0 0 -10001 -1 0 0
GRD IMD7c D 0 0 60 n 0 -1 0 1.705 1.76 5.3 0 0 0 0 -10001 -1 0 0
GRD IMD8a D 0 0 61 n 0 -1 0 1.76 2.3 4.2 0 0 0 0 -10001 -1 0 0
GRD M8 C 14 11 62 n 0 42.2886 0 2.3 3.15 0 0.36 0.36 0 -1 -10001 -1 0.047059 0
GRD IMD8a_A D 0 0 63 n 0 -1 0 2.3 2.35 4.2 0 0 0 0 -10001 -1 0 0
GRD IMD8b D 0 0 64 n 0 -1 0 2.35 2.4 7.1 0 0 0 0 -10001 -1 0 0
GRD IMD8c D 0 0 65 n 0 -1 0 2.4 3.15 4.2 0 0 0 0 -10001 -1 0 0
GRD IMD8d D 0 0 66 n 0 -1 0 3.15 3.225 5.5 0 0 0 0 -10001 -1 0 0
GRD IMD9a D 0 0 67 n 0 -1 0 3.225 3.89 4.2 0 0 0 0 -10001 -1 0 0
GRD M9 C 15 12 68 n 0 198.864 0 3.89 7.39 0 1.8 0.9 0 -1 -10001 -1 0.046286 0
GRD IMD9a_A D 0 0 69 n 0 -1 0 3.89 3.95 4.2 0 0 0 0 -10001 -1 0 0
GRD IMD9b D 0 0 70 n 0 -1 0 3.95 4.06 8.1 0 0 0 0 -10001 -1 0 0
GRD IMD9c D 0 0 71 n 0 -1 0 4.06 7.39 4.2 0 0 0 0 -10001 -1 0 0
GRD PASS1 D 0 0 72 n 0 -1 0 7.39 7.465 7.1 0 0 0 0 -10001 -1 0 0
GRD PASS2 D 0 0 73 n 0 -1 0 7.465 8.165 4.2 0 0 0 0 -10001 -1 0 0
GRD AP C 16 13 74 n 0 96.5517 0 8.165 10.965 0 1.8 1.8 0 -1 -10001 -1 -0.035714 0
GRD PASS3a D 0 0 75 n 0 -1 0 8.165 10.965 4.2 0 0 0 0 -10001 -1 0 0
GRD PASS3b D 0 0 76 n 0 -1 0 10.965 12.465 4.2 0 0 0 0 -10001 -1 0 0
GRD PASS4 D 0 0 77 n 0 -1 0 12.465 14.465 7.1 0 0 0 0 -10001 -1 0 0
GRD n_polyCont V 4 2 0 n 0 7.71605 0 0.293 0.375 0 0 0 0 0 -10001 -1 0 0
GRD p_polyCont V 3 2 1 n 0 7.71605 0 0.293 0.375 0 0 0 0 0 -10001 -1 0 0
GRD n_odCont V 2 1 2 n 0 9.64506 0 0.249 0.375 0 0 0 0 0 -10001 -1 0 0
GRD p_odCont V 1 1 3 n 0 8.57339 0 0.249 0.375 0 0 0 0 0 -10001 -1 0 0
GRD n_weltap V 0 0 4 n 0 100000 0 0 0.185 0 0 0 0 0 -10001 -1 0 0
GRD p_weltap V 0 0 5 n 0 100000 0 0 0.157 0 0 0 0 0 -10001 -1 0 0
GRD RV V 15 12 6 n 0 -1 0 7.39 8.165 0 0 0 0 0 -10001 -1 0 0
GRD VIA8 V 14 11 7 n 0 27.2171 0 3.15 3.89 0 0 0 0 0 -10001 -1 0 0
GRD VIA7 V 13 10 8 n 0 35.2814 0 1.705 2.3 0 0 0 0 0 -10001 -1 0 0
GRD VIA6 V 12 9 9 n 0 49.3827 0 1.34 1.515 0 0 0 0 0 -10001 -1 0 0
GRD VIA5 V 11 8 10 n 0 -1 0 1.165 1.25 0 0 0 0 0 -10001 -1 0 0
GRD VIA4 V 10 7 11 n 0 -1 0 0.99 1.075 0 0 0 0 0 -10001 -1 0 0
GRD VIA3 V 9 6 12 n 0 -1 0 0.815 0.9 0 0 0 0 0 -10001 -1 0 0
GRD VIA2 V 8 5 13 n 0 -1 0 0.64 0.725 0 0 0 0 0 -10001 -1 0 0
GRD VIA1 V 7 4 14 n 0 -1 0 0.465 0.55 0 0 0 0 0 -10001 -1 0 0

DB M1 C 1 1 1 0.451111 0 0 0 0 0 F 0 0 0 0 M1
DB M2 C 2 2 2 0.443333 0 0 0 0 0 F 0 0 0 0 M2
DB M3 C 3 3 3 0.443333 0 0 0 0 0 F 0 0 0 0 M3
DB M4 C 4 4 4 0.443333 0 0 0 0 0 F 0 0 0 0 M4
DB M5 C 5 5 5 0.443333 0 0 0 0 0 F 0 0 0 0 M5
DB M6 C 6 6 6 0.443333 0 0 0 0 0 F 0 0 0 0 M6
DB M7 C 7 7 7 0.167895 0 0 0 0 0 F 0 0 0 0 M7
DB M8 C 8 8 8 0.0236471 0 0 0 0 0 F 0 0 0 0 M8
DB M9 C 9 9 9 0.00502857 0 0 0 0 0 F 0 0 0 0 M9
DB AP C 10 10 10 0.0103571 0 0 0 0 0 F 0 0 0 0 AP
DB VIA1 V 11 2 1 -1 0 0 0 0 0 F 0 0 0 0 VIA1
DB VIA2 V 12 3 2 -1 0 0 0 0 0 F 0 0 0 0 VIA2
DB VIA3 V 13 4 3 -1 0 0 0 0 0 F 0 0 0 0 VIA3
DB VIA4 V 14 5 4 -1 0 0 0 0 0 F 0 0 0 0 VIA4
DB VIA5 V 15 6 5 -1 0 0 0 0 0 F 0 0 0 0 VIA5
DB VIA6 V 16 7 6 0.02025 0 0 0 0 0 F 0 0 0 0 VIA6
DB VIA7 V 17 8 7 0.0283435 0 0 0 0 0 F 0 0 0 0 VIA7
DB VIA8 V 18 9 8 0.0367416 0 0 0 0 0 F 0 0 0 0 VIA8
DB RV V 19 10 9 -1 0 0 0 0 0 F 0 0 0 0 RV


