125
AN2D0BWP30P140HVT AN2D0BWP30P140HVT 2108 2 0 6130 0
AN2D1BWP30P140HVT AN2D1BWP30P140HVT 2110 2 0 6140 0
AN3D0BWP30P140HVT AN3D0BWP30P140HVT 2115 2 0 6620 0
AN3D1BWP30P140HVT AN3D1BWP30P140HVT 2117 2 0 6620 0
AN4D0BWP30P140HVT AN4D0BWP30P140HVT 2122 2 0 7100 0
AN4D1BWP30P140HVT AN4D1BWP30P140HVT 2123 2 0 7192 0
AO211D0BWP30P140HVT AO211D0BWP30P140HVT 2128 2 0 7562 0
AO21D0BWP30P140HVT AO21D0BWP30P140HVT 2132 2 0 6767 0
AO22D0BWP30P140HVT AO22D0BWP30P140HVT 2136 2 0 7519 0
AOI211D0BWP30P140HVT AOI211D0BWP30P140HVT 2143 2 0 7078 0
AOI211D1BWP30P140HVT AOI211D1BWP30P140HVT 2145 2 0 7374 0
AOI21D0BWP30P140HVT AOI21D0BWP30P140HVT 2157 2 0 6447 0
AOI221D0BWP30P140HVT AOI221D0BWP30P140HVT 2173 2 0 8185 0
AOI222D0BWP30P140HVT AOI222D0BWP30P140HVT 2177 2 0 8509 0
AOI22D0BWP30P140HVT AOI22D0BWP30P140HVT 2181 2 0 7081 0
AOI31D0BWP30P140HVT AOI31D0BWP30P140HVT 2190 2 0 7058 0
AOI32D0BWP30P140HVT AOI32D0BWP30P140HVT 2194 2 0 7774 0
AOI33D0BWP30P140HVT AOI33D0BWP30P140HVT 2198 2 0 7940 0
BOUNDARY_LEFTBWP30P140 BOUNDARY_LEFTBWP30P140 2203 1 0 4206 0
BOUNDARY_RIGHTBWP30P140 BOUNDARY_RIGHTBWP30P140 2204 1 0 4206 0
BUFFD0BWP30P140HVT BUFFD0BWP30P140HVT 2205 2 0 5549 0
CKAN2D2BWP30P140HVT CKAN2D2BWP30P140HVT 2227 2 0 6518 0
CKBD0BWP30P140HVT CKBD0BWP30P140HVT 2230 2 0 5514 0
CKLNQD1BWP30P140 CKLNQD1BWP30P140 2253 1 0 8611 0
CKLNQD1BWP30P140HVT CKLNQD1BWP30P140HVT 2253 2 0 8612 0
CKLNQD1BWP30P140LVT CKLNQD1BWP30P140LVT 2253 3 0 8612 0
CKLNQD2BWP30P140 CKLNQD2BWP30P140 2256 1 0 8829 0
CKLNQD2BWP30P140HVT CKLNQD2BWP30P140HVT 2256 2 0 8830 0
CKLNQD2BWP30P140LVT CKLNQD2BWP30P140LVT 2256 3 0 8830 0
CKLNQD3BWP30P140 CKLNQD3BWP30P140 2257 1 0 9258 0
CKLNQD4BWP30P140HVT CKLNQD4BWP30P140HVT 2258 2 0 9787 0
CKMUX2D0BWP30P140HVT CKMUX2D0BWP30P140HVT 2264 2 0 6910 0
CKND0BWP30P140HVT CKND0BWP30P140HVT 2268 2 0 5420 0
CKND1BWP30P140 CKND1BWP30P140 2271 1 0 5627 0
CKND1BWP30P140HVT CKND1BWP30P140HVT 2271 2 0 5628 0
CKND1BWP30P140LVT CKND1BWP30P140LVT 2271 3 0 5628 0
CKND2BWP30P140 CKND2BWP30P140 2274 1 0 6304 0
CKND2D0BWP30P140HVT CKND2D0BWP30P140HVT 2275 2 0 6177 0
CKND4BWP30P140LVT CKND4BWP30P140LVT 2282 3 0 7391 0
CKND6BWP30P140LVT CKND6BWP30P140LVT 2283 3 0 7628 0
CKND8BWP30P140LVT CKND8BWP30P140LVT 2284 3 0 8696 0
DCCKND8BWP30P140 DCCKND8BWP30P140 2303 1 0 9371 0
DEL050MD1BWP30P140HVT DEL050MD1BWP30P140HVT 2305 2 0 6657 0
DFCND1BWP30P140HVT DFCND1BWP30P140HVT 2311 2 0 10839 0
DFCNQD1BWP30P140HVT DFCNQD1BWP30P140HVT 2314 2 0 9505 0
FA1D0BWP30P140HVT FA1D0BWP30P140HVT 2377 2 0 10202 0
FILL16BWP30P140 FILL16BWP30P140 2385 1 0 4204 0
FILL2BWP30P140 FILL2BWP30P140 2386 1 0 4204 0
FILL32BWP30P140 FILL32BWP30P140 2387 1 0 4204 0
FILL3BWP30P140 FILL3BWP30P140 2388 1 0 4204 0
FILL4BWP30P140 FILL4BWP30P140 2389 1 0 4204 0
FILL64BWP30P140 FILL64BWP30P140 2390 1 0 4204 0
FILL8BWP30P140 FILL8BWP30P140 2391 1 0 4204 0
IAO21D0BWP30P140HVT IAO21D0BWP30P140HVT 2504 2 0 6452 0
IAO22D0BWP30P140HVT IAO22D0BWP30P140HVT 2508 2 0 7135 0
IND2D0BWP30P140HVT IND2D0BWP30P140HVT 2512 2 0 6479 0
IND3D0BWP30P140HVT IND3D0BWP30P140HVT 2519 2 0 6588 0
IND4D0BWP30P140HVT IND4D0BWP30P140HVT 2526 2 0 7170 0
INR2D0BWP30P140HVT INR2D0BWP30P140HVT 2530 2 0 6456 0
INR2D1BWP30P140HVT INR2D1BWP30P140HVT 2532 2 0 6463 0
INR3D0BWP30P140HVT INR3D0BWP30P140HVT 2537 2 0 6474 0
INR4D0BWP30P140HVT INR4D0BWP30P140HVT 2544 2 0 6594 0
INVD0P7BWP30P140HVT INVD0P7BWP30P140HVT 2549 2 0 5564 0
INVD1BWP30P140 INVD1BWP30P140 2554 1 0 5573 0
INVD1P5BWP30P140 INVD1P5BWP30P140 2555 1 0 6304 0
INVD1P5BWP30P140HVT INVD1P5BWP30P140HVT 2555 2 0 6305 0
INVD4BWP30P140 INVD4BWP30P140 2562 1 0 7390 0
INVD6BWP30P140 INVD6BWP30P140 2563 1 0 7627 0
INVD6BWP30P140LVT INVD6BWP30P140LVT 2563 3 0 7628 0
INVD9BWP30P140LVT INVD9BWP30P140LVT 2565 3 0 8936 0
IOA21D0BWP30P140HVT IOA21D0BWP30P140HVT 2566 2 0 6452 0
IOA22D0BWP30P140HVT IOA22D0BWP30P140HVT 2570 2 0 7113 0
MAOI222D0BWP30P140HVT MAOI222D0BWP30P140HVT 2626 2 0 7612 0
MAOI22D0BWP30P140HVT MAOI22D0BWP30P140HVT 2630 2 0 7481 0
MOAI22D0BWP30P140HVT MOAI22D0BWP30P140HVT 2634 2 0 7501 0
MUX2D0BWP30P140HVT MUX2D0BWP30P140HVT 2638 2 0 6909 0
MUX2ND0BWP30P140HVT MUX2ND0BWP30P140HVT 2642 2 0 6668 0
ND2D0BWP30P140HVT ND2D0BWP30P140HVT 2673 2 0 6096 0
ND2D0P7BWP30P140HVT ND2D0P7BWP30P140HVT 2674 2 0 6206 0
ND2OPTIBD1BWP30P140HVT ND2OPTIBD1BWP30P140HVT 2688 2 0 6520 0
ND3D0BWP30P140HVT ND3D0BWP30P140HVT 2703 2 0 6261 0
ND3D0P7BWP30P140HVT ND3D0P7BWP30P140HVT 2704 2 0 6572 0
ND4D0BWP30P140HVT ND4D0BWP30P140HVT 2722 2 0 6640 0
ND4D1BWP30P140 ND4D1BWP30P140 2723 1 0 6658 0
ND4D1BWP30P140HVT ND4D1BWP30P140HVT 2723 2 0 6658 0
ND4D2BWP30P140HVT ND4D2BWP30P140HVT 2724 2 0 8684 0
NR2D0BWP30P140HVT NR2D0BWP30P140HVT 2728 2 0 6074 0
NR2D0P7BWP30P140HVT NR2D0P7BWP30P140HVT 2729 2 0 6158 0
NR2OPTIBD1BWP30P140HVT NR2OPTIBD1BWP30P140HVT 2743 2 0 6494 0
NR3D0BWP30P140HVT NR3D0BWP30P140HVT 2758 2 0 6213 0
NR4D0BWP30P140HVT NR4D0BWP30P140HVT 2777 2 0 6639 0
OA211D0BWP30P140HVT OA211D0BWP30P140HVT 2783 2 0 6655 0
OA21D0BWP30P140HVT OA21D0BWP30P140HVT 2787 2 0 6513 0
OA22D0BWP30P140HVT OA22D0BWP30P140HVT 2794 2 0 6725 0
OAI211D0BWP30P140HVT OAI211D0BWP30P140HVT 2801 2 0 7078 0
OAI211D1BWP30P140HVT OAI211D1BWP30P140HVT 2802 2 0 7143 0
OAI21D0BWP30P140HVT OAI21D0BWP30P140HVT 2814 2 0 6463 0
OAI221D0BWP30P140HVT OAI221D0BWP30P140HVT 2830 2 0 7924 0
OAI222D0BWP30P140HVT OAI222D0BWP30P140HVT 2834 2 0 8499 0
OAI22D0BWP30P140HVT OAI22D0BWP30P140HVT 2838 2 0 7001 0
OAI22D0P7BWP30P140HVT OAI22D0P7BWP30P140HVT 2839 2 0 7112 0
OAI31D0BWP30P140HVT OAI31D0BWP30P140HVT 2854 2 0 7004 0
OAI32D0BWP30P140HVT OAI32D0BWP30P140HVT 2858 2 0 7066 0
OAI33D0BWP30P140HVT OAI33D0BWP30P140HVT 2862 2 0 7857 0
OR2D0BWP30P140HVT OR2D0BWP30P140HVT 2869 2 0 6008 0
OR3D0BWP30P140HVT OR3D0BWP30P140HVT 2876 2 0 6504 0
OR3D1BWP30P140HVT OR3D1BWP30P140HVT 2878 2 0 6591 0
OR4D0BWP30P140HVT OR4D0BWP30P140HVT 2883 2 0 6613 0
RISCV1/filler RISCV1 8 0 17 7340997 0 0 0 1354600 1354000
SDFCND0BWP30P140HVT SDFCND0BWP30P140HVT 2891 2 0 12535 0
SDFCNQD0BWP30P140HVT SDFCNQD0BWP30P140HVT 2909 2 0 11745 0
SDFQD0BWP30P140HVT SDFQD0BWP30P140HVT 3024 2 0 10647 0
SDFQND0BWP30P140HVT SDFQND0BWP30P140HVT 3029 2 0 10111 0
SDFSND0BWP30P140HVT SDFSND0BWP30P140HVT 3050 2 0 12580 0
SEDFCNARD0BWP30P140HVT SEDFCNARD0BWP30P140HVT 3095 2 0 13741 0
SEDFCND0BWP30P140HVT SEDFCND0BWP30P140HVT 3097 2 0 13438 0
SEDFCNQARD0BWP30P140HVT SEDFCNQARD0BWP30P140HVT 3101 2 0 13227 0
SEDFCNQD0BWP30P140HVT SEDFCNQD0BWP30P140HVT 3103 2 0 12496 0
TAPCELLBWP30P140 TAPCELLBWP30P140 3119 1 0 4480 0
TIEHBWP30P140HVT TIEHBWP30P140HVT 3120 2 0 5611 0
TIELBWP30P140HVT TIELBWP30P140HVT 3121 2 0 5611 0
XNR2UD0BWP30P140HVT XNR2UD0BWP30P140HVT 3130 2 0 6845 0
XNR3UD0BWP30P140HVT XNR3UD0BWP30P140HVT 3136 2 0 8798 0
XOR2UD0BWP30P140HVT XOR2UD0BWP30P140HVT 3150 2 0 7132 0
XOR3UD0BWP30P140HVT XOR3UD0BWP30P140HVT 3156 2 0 9006 0
